%%MatrixMarket matrix coordinate real general
% Generated 25-Jan-2012
5 12 60
1 1  0.9527821496566151
2 1  0.1995708604681839
3 1  0.3123440066941408
4 1  0.04810002952102446
5 1  0.8698565788721532
1 2  0.7040621667749977
2 2  0.3030947130117874
3 2  0.522694779016024
4 2  0.838089064493547
5 2  0.2518487140797513
1 3  0.9538774735922314
2 3  0.5382997968405258
3 3  0.4086261330703079
4 3  0.1025413865455588
5 3  0.9696476269693877
1 4  0.5981585241721892
2 4  0.9102352155402841
3 4  0.892932028832867
4 4  0.7282746282863517
5 4  0.3033324570006397
1 5  0.8407431981130701
2 5  0.5252925244324227
3 5  0.5737711046285334
4 5  0.4404990888354479
5 5  0.3739947005586738
1 6  0.4428188422351334
2 6  0.3068303770067564
3 6  0.567888671171215
4 6  0.9971919645315482
5 6  0.348368274452232
1 7  0.8368196006763403
2 7  0.0344695245434839
3 7  0.3945006454634646
4 7  0.5624679662242876
5 7  0.7008400136434935
1 8  0.5187030597249157
2 8  0.7153351297623599
3 8  0.6915913031149776
4 8  0.46585377576348
5 8  0.6143889431778908
1 9  0.02220977857260138
2 9  0.7687159962242812
3 9  0.5693236638782341
4 9  0.4190093727824321
5 9  0.759166107658379
1 10  0.3758856012631503
2 10  0.05951603802357121
3 10  0.3432187634080119
4 10  0.2116019140687234
5 10  0.7990585397598244
1 11  0.8985957224020654
2 11  0.6270985310811689
3 11  0.594935735186864
4 11  0.2357673491203152
5 11  0.2156154459647349
1 12  0.4290014882399393
2 12  0.2651894190237225
3 12  0.273946239977262
4 12  0.314058993500881
5 12  0.8935597483014532
